1678
1591
 57  86  57  24  55  78  87  62  72  39  17  87   2  29  77  43   7  96   7  89
 16  94  26  97  21  13  37  95  10  99  96  62  37  53  91  56  30  50  23  46
 22  89  39  36  23  81  52  72  89  47  21  95  49  63  58   7  55  29  83   2
  9  13  32  37  57  78  54  30  59  87  87  56  86   7  51  39  97  17  31  63
 24  41  75  74  90  10  74  47  92  45  31  34   4  26  91  47  24  99  30   1
 53  55   9  63  84  10  26  70  53  32  41  66  63  19  14  59   8  67  76  74
 58  54  96  71  79  48 100   7   1  85  41   9  30  34  44  39  17  91  60  86
 41  98   9  32  55  88  55  69  48  96  64  68  76  87  55  69  70  19  89  34
 92  14  41  24  14  51  13  89   8  98  17  86  84  42  95  47  29  36  73  72
 44   1  75   6  41  37  50  65  26  11  97  56  39   5  17   6  14   6  24  30
 63  63   8  61  99  93  94  18  49  56  71  82   5  98  37  43  87  91  53  58
 93 100  30  71   8  21  68  25  97  13  95  97  63  44  54  93  51  11  17  75
 43  90  54  45  68  75  88  81  76  71  31  82  18  22  40  32  20  14  72  19
 26  38  57  53   4  55  88  89  69  78  29  52  13  77   1  75  29  14   9  48
 20  80  28  19  59  11  73  64  52  95   3  42  47  11  31  93  32  83  76  47
