2991
2983
 92  86  92  48  83  15  28  13  85  75  23   4  16  39  93  32  21  51  53  48  20  86  61  33  38  24  75  21   3  83  97  30  46  29  23  10  35  46   8  90  59  21   2  49  25  15  22  38  35   2
 49  75   4  59  78 100  85  34  33  65  66  69  25  40   5   8  26  50  21  11  20  40  86  94  13  38  47  53   8  23  99  37  99  63  69  38  29  48  15  86  50  62   4  89  55   8  97  77   5  81
 91 100  40  92  44  24  47  61  75  24  48  79   3  93   8  65  28  60  47  36  48  23  99  60  91  12  62   3  88  17  36  28  14  51  92  44  66  96  25  51  93  72  20  64  73  96  90  67  68  68
 56  92  44  35  64  49  53  54  49  20  27  46  77  48  50  70  91  93   3  57  74  71  27  46  27  30  39  74  54  33  70  55  15  78  15  47  42  99  80  66  23  15  85  49  16  13  39  43  46   4
 47  90  94  87  76  18  84  71  72  33   1  61  31  15  48  84  58  90  34  26   6  29  83  68  33  58   5 100  18  72  63  24  18  89  26  23  85  74  47   5  40  30  14  46  74  97  73  11   4  59
 39  11  68  91  63  26  34  97  12  29  63  34  22  51  88  72  39  89  68  30  80  28  60  86  87  59  31  28  54  70  41   9  10  14  47  70  90  52   5  59  14  77  48  83  26  66  98   7  58  69
  1  38  40  99  31  92  35  97  87  84  35  50  79  63  48  43  43  12  71  57  10 100  26  70  23  37  77   6  34  24  71  51  41  32  95  21  75  13  93  97  34  13  62  13  22  95  65  69  44  14
 12  85  27  46  98  29 100  27  23  74  46  10  97  91  46  10  93  20   1  25  27  99  31  46  31  36  60  91  42  78  97  17  47  70  56  65  85  88  70  85  61   2  90  66  19   2  85  61  51  21
 37  54  53  83  12  24  90   2  90  44  44  88  88  46  97   9  64  27   8  92  15  56  40  89  82   2  61  34  59  60  73  38  80  84  42  56  25   4  23   9  63  22  90   6  63  57  31  97  98  69
 63 100   5  27  91  65  88  47  42  47  29  19  49  74  35  60  90  33  67  44  77  77  84  63  27  37  65  80   4  96  92  77  48   7  83  63  46  30  61  28  96  22  33  72  38  46  64  95  69  53
