1600
1446
  1   9  25  64  99  42  83  57  44  37  74  15  50  67  60  84  11   5  28  41
 49  87  34  51   1  28  65  93  42  91  16  22  49  88  52  44  20  70  54   3
 93  94  82  76  35   8  62  75  81  18   7   7   9  70  51   4  68  59  24  46
 92  96  11  49  15  69 100  74  47  67  42  31  23  18  43  16  37  40  79  41
 52  83  37  84  80   3  15  24  55   1  19  45  51  13  34  10  40  63  25  69
 57   4  43  12  78  21   5  10  75  42   7  70  39  85  70  48   6  14  98 100
 48  52  34  52  49  24  27  98  30  20  70  12  28  92   2  31  42  42  70  18
 27  49  34  45  24  42  89  44  29  98  34  99  84  69  66  42  77  50  22   7
 16  63  89  20  28   8  38  12  81  21  46  44  65  42  53  78   5  45  69  94
 96  31  71 100  88  50  92  24  47  21  74  46  12   5  19  37  82  74  73  86
 60  47  23  42 100  33  82   8 100 100  42  70  30  19  75  35  44  21  74  90
 19  85  77  93  20  40  47  51  34  59  60   5  62  82  45  44  43  64  75  97
  6  46  20   5   7  13  96  82  77 100  50  87  17  21  96  21  17  83  65  30
  6  26  32  75   1   5  81  59  31  77  71  88   5  52   1  67 100  32  93  83
 76  48  55  48  71  73  65  65  92  57  88  45  40  10  44  11   3  29   9  96
