1763
1640
 23  38   8  72  48  56  90  55  32   3  34  77  86  57  17  87  67  90  28  22
 68  69  68  91  44  80  46  23  59  50  53  18  62  61  51  40  14  37  41   2
 49  33  82  41  29  42  91  90  40  94  28   1  57  34   4   9  80  20  99  46
  8  34  52   1  29  93  93  60  92  33  95  74  94  30  31   6  97  74   1  25
 73  54  83  52  88  54  75  75  69  46  32  82  77   2  53  13  23  33  63   8
 24   7  18  30  49  94  93  74  64  87  56  97  37  45  21  18  15   3  45  22
 81  18  20  92  92  42   9  11  71  36  97  14  80  68  49  68  14  20  47  67
 70  81  50  76  68  64  72  97  82  50  54  81  72  57  23  95  34  97  25  82
 74  28  93  41  22  85  67 100  28  38  84  34  56  89   4  83  45   7  59  71
 25  81  20  45  93  28  63  55  94   1  77  35  26  10  63  66  98 100  39  24
 45  66  73  64  99  95  76  15   1  22  46   6   7  93  45  94   1   6  76  87
  4  66   6  71  63  39  50  54  58  45  94  14  41  43  21  22   5  41  89  79
 69  12  99  97  69  80  82  32  71  39  98  93  47  85   1  27  12  38   5  99
 68  91  48  52  79  12  74  67  68  84  65  84  98  96  45  28  35  56   2  64
 59  50  54  43  14  69  77  48  34  60  48  52  67  42  90  68  87  84  60  19
