3003
2972
 92  54  31  34  91  44  99  36  57  96  24  49  30  18  57  42   7  52  90  23  86  19  51  66  79  54  82  42   4  42  46  98   3  21  68  60  79  59  85  34  73  57  47  74   1  57  59   6  85  74
 93  86  26  82  97   3  80  87  59   4  75  90  47   2  21  70  70  12   8  49  41  10   9   1  54  28  50  74   6  36  69  58  99  76  96  61  71 100  80  94  53  86 100  39  43  74  45  53  98  64
  1  69  49  43  49  46  74  57  47  43  23  36  44  27 100  72  19  28   3   5  88 100  73  65  18  97  18  63  76  64   3  18  89  14  87  35  38  33   8  98   7   1  98  20  44  21  23   4  77  43
 48  25  46  25  54  70  53  96   5  60  98  36  75  88 100  99  16  45  56  28  12  42  63  44  22  16   5  59  44  55  41  34  92  65  92  72  85  94   1  49  51  66   4  63  52  32  53  95  65  14
 49  82  48  37  22  24  29   7  28  39  74   5  81   5  59  97  74  91  25  17   8  81  74  19  99   1  71  32  29  84 100  35  68  19  47  61  43  25  75  25  49  61  28   2   4   6  26  57  51  58
  6  31  47  55  98  94  98  94  44   2  10  74  31  36  98  59  50  45  31  62  94  23  81  77   2  71  41  50  29  81  41  53  10  24  90  77  87  88  30  72  55  56  32  88  61  72  55  86  30  80
 57  15  91  11  27  60  72  47  19  89  74  85  29  51  38  94   7   7  22  84  67  93  96  23  42  53  93  21  89  76  18  85  52  45  29  53  44  19  60  50  96  28  72   8  36  91  98  30  79  33
 52   6  82  34  46  22  54  70  35  97  44  53  42  30  21  13  88  15  51  40  80  36   7  10  90  26  62  29  95   4  94  86  30  73  39   1  51  66  17  80  19  68  34  22  38  94  34  92  23  37
  6  18  74  77  89  58  60  36  79  91  93  62 100  51  77  78  46  31  99  65  11  18  39  26  54  32  54  83  66  85  97  17  66  54  29  94  61   4  57  25  42  21  66  73  58  10  12   1  41  78
 16   5  93  71   2  65  69  26  24  81  57   4  81  31  84  90  74  22  65  30  77  71  22  76  28  28  89  64  81  16  30  78  69  84 100  57  37  50  32  37  41  65  55   3  75  34  43  20  17  42
