1661
1604
 69   5  25  53  61  92  25  94  76  42  55  14  81  60  53   6  21  13  19  96
 78  82  52  97   6  23  44  93  69  60  27   9  42  42  43  36  21  87  39   7
 38  69  30  50  15  66  42  44  27  75  21  10  13  44  72  60  12  11  69  27
 73  34  46  24  47  58  29  58  16  78   2  51  49  77  13  96  11  46  30  79
 62  29  86  20  38  48  86  31  31  60  89  84  89   9  87  48  61  87  73  14
  8  63   3  79  21  50  87  69  19  59  78  72  50  26  65  33  82  72  19  24
  6  94  17  92  49   2  44  92  86  41  20   1  75  73  59  28  34  97  63  43
 48  15   9  75  70  36  58  79  35  54  97  22  79 100  76  54  95  45  13  27
 59  61  53  59  71  66  28  63  24  31  41  10  25  46  71  39   7  43  14  69
 79  29  23  74  33  84  74  80  69  20  70  19 100  61  71  40   4  39  36  96
 80   5  68  75 100  12  86  75  43  15  99 100   7  85  89  60  62  30  96  79
 22  94  34  99   8  12  16  39  37  61  77  43  38  92   2  79  82  66  62  30
 58  61  71  52  18  88  94  47  33  18  30  14  78  14  25  20  86  55  27   2
 77  75  76  84  24  64  59   3  19  69  79  65  37  12  12  34  54  34  59  34
 49  17  70   3  83   4  77  80   9  60  98  65  54  49  21  52  53  85  76  75
