2904
2885
  1  92  53  73  24  15  45  51  47  41  35  65  58  58  10  87  56  36   9 100  60  40  35  78  32  48  70  95  84  29  22  21  16  42  33  15  42  15  22  83  76  94  82  75  75  33  44   4  26  32
 77  76  44  60   2  32  59  30  58  68 100  40  60  49  77  87  45   5  38  64  81  41  70  36  40  85  42  85  17  64  50  62  43  91  80  24  57  20  77  82  64  45  10  57  42  63  89  34  93  47
 93  70  92  19  20  35  98  84  40  20  28  12  50  45  37  18  15  32  83  60  68  10  12  41  65  92  50  11  49  48  81  20  91  20  22  31  95  54  16  16  85  94  23  27  35  27  91  16   9  98
 77  59  96  76  41  41  44  25  18  33  26  93  31  64  72   4  57  63  73  29  62  68  17  27  27  61  84  98  69  41  33   8  96  87  95  47  67  64  25  68  71  44  93   9  41  41  26  42  81  19
 40  80  77  85   4  18  53  51  62  72  20  53  97   9  85  93  72  79  29  63  48  80  30  36  74  95  24  41  55   1  25  25  24  44  68  41   5  83  27   2  97  84  90  97  18  72  91  34  34  13
 16  86  84  68  16  19  84  45  36  22  24  60  64  99  70  67  40  21  18  26  69  25  37  25  88  58 100  64  28  23  74  91  11  38  22  52   9  89  19  41  97  30  22  50  56  52  22  67  76  34
 51  78  14  78  39  29  23  60  15  69  42  89  85  22  83  17  41  25  41  35  79  82  94  88  92  89  70   8  45  56  83  36  66  15  69  39  30  91  75  66  40  19  87  23  38  14  49  86  10  52
 92  30  49  13  79  14  45  89  93  47 100  23  38   7  45  35  81  86  50  22  28  33  18  64  83  11   4  26  59  64  85  49  41  89  53  59  20   6   4  10   8  47   9  31  38  42   5  25  96  12
 11  93  59  93  81  98  39  25  77  22  32  18  35  49  57  78  32  35  29  71  92  28  93  66  73  72  68   6  75  12  33  90  35  42  13  14  70  48  72  88  70  41  67  62  51  71  31  99  79  49
 74  17  10  50  44  26  89  97  90  47  41  53  85  15   8  20  85  91  99   9  10  51  29  92  42  76  55   6  38  31  56   9  91  57  70  28  21  40  61  21  35  22  18  14  65  10  69  25  68  45
