1767
1631
 95  20  39  72  73  82  14  52   2  77  58  13  41  84  26  97  36  97  49 100
 79  70  85  17  69  75  28  59  73  28  82  37  75  83  59  46  57  51  33  21
 73  71  98  94  24   4  65  19  51  56  15  74  65  52  84  69  67  41  52  85
  8  24  61  68  52  47  93   6  34  82  14  30  97  66  91  71  71  19  48  83
  9  84  68  89  21  54  88  39  97   2  33   4  92  71  44  97 100  40  96  30
  5  18  40  56  28  14  92  98  95  94  88  78  40   3  81  67  24  73  88  51
 69  45  16  98  78  31  62  53  85  79  18  33  45   5  81  88  13  24  10  91
 91  60  60  88  82  58  33  22  75  34   3  18  11  18  42  10  88  76  31  23
 85  21  16   8  83  31  31  74  21  96  36  59  40   3  63  79  21  60   4  19
 52  98  66  60  43  45  44  37  28  88  36  21 100  35  15  87  86  27   7  48
 24  70  77  88  29  27  34  33   7  93  42  61  27  42  64  74  14  11  38  95
 43  23  73  48  48  61  72  92  85  41  62  81  91  63  53  52  28  83   5  47
 38  34  88  61  92  72  61  48  73  44  85  62  44  50  40  20  60  70  94  23
 89  52  43  27  48  91  47  49  42  56  19  56  53  41  41  34   3  98  49  22
 32  52  84  65  32  31  32  41  61   5  57   2  66  43  89  44  79  12  23  78
