 0 23.48 40.33 2072.00  216
 1 23.24 39.93 2068.00  336
 2 24.91 36.48 2096.00  215
 3 24.91 38.74 2096.00  206
 4 24.26 38.72 2085.00  498
 5 23.48 38.33 2072.00   90
 6 24.73 38.44 2093.00  488
 7 23.12 37.75 2066.00  390
 8 23.72 38.49 2076.00  317
 9 23.18 37.57 2067.00  283
10 23.90 42.04 2079.00   76
11 23.84 42.00 2078.00  188
12 24.02 40.89 2081.00  454
13 24.31 39.78 2086.00  105
14 23.96 38.82 2080.00   38
15 23.30 39.71 2069.00  226
16 22.53 38.84 2056.00  361
17 24.20 40.73 2084.00  117
18 23.72 40.63 2076.00    3
19 23.12 40.83 2066.00  372
20 24.31 41.31 2086.00  365
21 23.72 39.41 2076.00  453
22 24.02 41.63 2081.00    2
23 21.87 40.26 2045.00  184
24 24.55 36.90 2090.00  156
25 24.20 40.78 2084.00  366
26 24.26 38.71 2085.00  131
27 23.36 38.79 2070.00   47
28 24.55 38.47 2090.00  169
29 23.54 41.41 2073.00  288
