 0 22.38 42.36 1958.00  425
 1 23.69 42.41 1979.00  404
 2 23.56 41.94 1977.00   97
 3 21.44 41.32 1943.00  288
 4 23.50 39.95 1976.00  273
 5 23.19 43.32 1971.00   35
 6 24.75 39.21 1996.00   55
 7 22.31 40.15 1957.00    8
 8 20.88 42.34 1934.00   12
 9 22.94 43.39 1967.00  418
10 22.88 38.90 1966.00   45
11 23.75 42.56 1980.00  121
12 22.75 38.42 1964.00  477
13 23.00 40.97 1968.00  469
14 24.44 41.73 1991.00  276
15 25.06 42.44 2001.00  322
16 22.88 41.82 1966.00  168
17 23.81 42.89 1981.00  371
18 23.38 41.40 1974.00  115
19 23.94 41.05 1983.00  463
20 24.44 41.38 1991.00  231
21 22.75 40.52 1964.00  405
22 25.31 37.82 2005.00  500
23 24.06 43.18 1985.00  253
24 22.19 41.76 1955.00  288
25 23.31 42.11 1973.00  487
26 22.69 43.30 1963.00  122
27 24.94 40.03 1999.00  397
28 24.19 40.67 1987.00  288
29 22.75 40.51 1964.00   12
