 0 24.67 40.42 2092.00  349
 1 24.08 42.88 2082.00   28
 2 22.71 41.55 2059.00  103
 3 23.78 39.53 2077.00  470
 4 24.02 41.78 2081.00  399
 5 23.96 39.66 2080.00  311
 6 22.41 39.81 2054.00   77
 7 23.96 39.10 2080.00   47
 8 23.12 40.89 2066.00  136
 9 25.57 41.01 2107.00  276
10 24.79 38.71 2094.00    3
11 24.14 39.59 2083.00  360
12 23.48 41.09 2072.00   37
13 23.78 38.83 2077.00  133
14 23.48 41.34 2072.00  379
15 24.02 41.19 2081.00  247
16 23.78 38.78 2077.00  175
17 23.00 40.33 2064.00  442
18 24.02 37.24 2081.00  336
19 23.24 39.56 2068.00  391
20 24.14 39.43 2083.00  452
21 23.84 41.35 2078.00  158
22 24.14 41.46 2083.00  103
23 23.78 42.27 2077.00  354
24 23.06 37.90 2065.00  233
25 22.88 40.44 2062.00  124
26 22.35 38.98 2053.00  488
27 23.84 41.22 2078.00  467
28 23.60 39.73 2074.00  179
29 22.47 41.49 2055.00   26
