 0 23.71 35.36 2181.00  455
 1 23.03 37.12 2169.00   36
 2 23.26 37.45 2173.00  465
 3 23.37 35.80 2175.00  310
 4 23.65 38.51 2180.00  439
 5 22.86 36.51 2166.00  231
 6 23.09 37.52 2170.00  246
 7 23.65 37.57 2180.00   68
 8 23.37 38.19 2175.00  136
 9 22.12 38.50 2153.00  448
10 22.86 37.67 2166.00  175
11 23.54 36.92 2178.00   46
12 22.97 37.83 2168.00  404
13 22.52 33.49 2160.00  154
14 23.94 38.48 2185.00  267
15 24.28 38.05 2191.00  430
16 23.94 36.00 2185.00  197
17 22.69 38.76 2163.00   40
18 23.48 37.25 2177.00  216
19 23.71 36.52 2181.00  295
20 22.46 38.98 2159.00  203
21 23.60 37.08 2179.00    9
22 23.99 36.92 2186.00    7
23 24.39 34.32 2193.00  185
24 22.40 34.58 2158.00  151
25 24.11 37.21 2188.00  455
26 23.43 36.60 2176.00  246
27 23.71 36.54 2181.00   34
28 23.48 36.53 2177.00  254
29 23.43 37.78 2176.00  440
