Upperb   5250 Pc:0.65 Pm:0.05 Maxgen:4000 Popsize:250
 1  2.90 12.73 5402.00 1841
 2  3.07 13.51 5411.00 3246
 3  3.12 13.24 5414.00 3780
 4  2.91 11.47 5403.00 2695
 5  2.42 13.97 5377.00  959
 6  3.47 12.71 5432.00 2941
 7  2.91  9.72 5403.00 2626
 8  2.69 11.08 5391.00 1491
 9  2.80 12.92 5397.00 3356
10  3.16 12.82 5416.00 3681
11  3.33 12.99 5425.00  964
12  2.80 13.77 5397.00 2956
13  3.75 12.53 5447.00 2676
14  2.95 12.99 5405.00 1453
15  3.26 11.76 5421.00 2581
16  3.16 12.00 5416.00 3911
17  3.20 13.35 5418.00 2712
18  3.28 13.24 5422.00 2838
19  2.76 12.99 5395.00 2264
20  3.50 10.63 5434.00 1889
21  3.39 12.81 5428.00 2327
22  2.90 13.42 5402.00 1171
23  3.33 11.95 5425.00 3094
24  3.30 12.32 5423.00 3506
25  3.31 12.70 5424.00 2370
26  2.90 12.93 5402.00 1709
27  3.28 13.10 5422.00 1254
28  3.14 11.72 5415.00 3616
29  3.03 13.32 5409.00 3587
30  3.50 12.58 5434.00 3503
