Upperb   5328 Pc:0.65 Pm:0.05 Maxgen:4000 Popsize:250
 1  3.60 13.15 5520.00  741
 2  2.65 13.37 5469.00 2654
 3  3.45 14.32 5512.00 3411
 4  3.57 13.46 5518.00  160
 5  3.42 13.40 5510.00 3438
 6  3.73 12.50 5527.00 2050
 7  2.36 13.66 5454.00  545
 8  3.49 13.15 5514.00 3862
 9  2.78 11.43 5476.00  564
10  3.58 13.42 5519.00 3885
11  3.55 13.83 5517.00 3104
12  2.83 12.71 5479.00 2245
13  3.53 13.63 5516.00 1359
14  3.15 14.27 5496.00  899
15  3.15 12.25 5496.00  666
16  2.91 11.72 5483.00 3727
17  2.67 11.03 5470.00 3430
18  3.13 13.47 5495.00  189
19  3.10 12.58 5493.00 2147
20  3.17 11.56 5497.00 3485
21  3.15 12.52 5496.00  432
22  3.02 11.72 5489.00 3588
23  3.55 13.60 5517.00 3521
24  3.36 12.71 5507.00 3374
25  3.23 12.66 5500.00 2830
26  2.61 13.46 5467.00 1839
27  3.30 13.70 5504.00 1962
28  3.00 11.98 5488.00 2540
29  3.43 13.93 5511.00 3448
30  2.93 13.98 5484.00 3762
