Upperb   5175 Pc:0.65 Pm:0.05 Maxgen:4000 Popsize:250
 1  2.78 11.10 5319.00 3792
 2  3.56 11.39 5359.00 3433
 3  3.34 12.28 5348.00 1100
 4  2.96 12.20 5328.00 1349
 5  3.11 12.79 5336.00 2053
 6  3.44 10.36 5353.00 3962
 7  3.52 12.65 5357.00 3673
 8  3.40 11.87 5351.00  646
 9  3.03 13.49 5332.00 1000
10  3.59 12.63 5361.00 2379
11  3.52 11.31 5357.00  568
12  3.17 11.60 5339.00 3697
13  3.32 11.74 5347.00  960
14  3.63 14.15 5363.00 2758
15  3.27 13.32 5344.00 2723
16  3.34 11.42 5348.00 1753
17  3.42 10.51 5352.00  159
18  3.29 11.05 5345.00 1042
19  3.21 10.33 5341.00  228
20  3.46 10.76 5354.00 1724
21  3.23 12.90 5342.00 1889
22  3.03 13.53 5332.00 3296
23  3.00 12.00 5330.00 2465
24  3.34  9.99 5348.00 2175
25  3.03 11.37 5332.00  524
26  2.88 11.86 5324.00 1818
27  2.94 12.28 5327.00 1667
28  3.36 10.47 5349.00   18
29  3.36 13.01 5349.00 1609
30  3.27  9.97 5344.00 2122
