Upperb   5268 Pc:0.65 Pm:0.05 Maxgen:4000 Popsize:250
 1  2.37 12.59 5393.00 2292
 2  2.62 13.17 5406.00 1836
 3  2.83 11.52 5417.00 1693
 4  2.85 14.00 5418.00 1212
 5  2.70 10.99 5410.00 3798
 6  3.11 12.44 5432.00  841
 7  2.94 12.22 5423.00 1359
 8  2.81 11.72 5416.00 2434
 9  2.20 12.43 5384.00 1138
10  3.06 12.97 5429.00  364
11  3.06 11.30 5429.00 1642
12  2.79 12.94 5415.00 2138
13  1.97 11.78 5372.00 2372
14  2.64 12.62 5407.00 3721
15  2.62 12.51 5406.00 3735
16  2.96 12.85 5424.00 3019
17  2.89 10.44 5420.00 3474
18  2.87 13.68 5419.00  103
19  2.83 10.99 5417.00  917
20  2.94 14.12 5423.00 1065
21  2.64 12.43 5407.00 3147
22  2.79 12.41 5415.00 1302
23  3.00 11.98 5426.00 1553
24  2.96 11.48 5424.00 1764
25  2.77 12.67 5414.00 2348
26  2.64 11.25 5407.00 3087
27  2.58 11.48 5404.00  502
28  2.73 12.59 5412.00  817
29  2.58 11.21 5404.00 3549
30  2.54 10.37 5402.00 3998
