Upperb   5454 Pc:0.65 Pm:0.05 Maxgen:4000 Popsize:250
 1  2.57 11.42 5594.00 2422
 2  2.90 11.98 5612.00 3454
 3  2.68 10.67 5600.00 1418
 4  2.55  8.22 5593.00 2659
 5  2.86 11.32 5610.00 1908
 6  2.18 10.54 5573.00 3265
 7  2.37 11.31 5583.00 1533
 8  2.42  8.26 5586.00 1929
 9  2.48 11.39 5589.00  919
10  3.08 11.32 5622.00  587
11  2.93 11.17 5614.00 1510
12  2.79 11.59 5606.00 2379
13  2.11 12.69 5569.00 2558
14  2.16 11.14 5572.00 3191
15  2.81 12.25 5607.00 2121
16  3.03 11.30 5619.00  309
17  2.46 11.51 5588.00 3441
18  2.82 10.78 5608.00   51
19  2.66 11.94 5599.00 3536
20  2.44 11.41 5587.00 2151
21  2.93 11.84 5614.00 1543
22  2.40 10.64 5585.00  671
23  2.18 12.66 5573.00  444
24  2.99 12.20 5617.00  968
25  2.86 12.46 5610.00 2608
26  2.90  9.10 5612.00 3357
27  2.64 10.97 5598.00 3179
28  2.42 10.72 5586.00 1893
29  2.27  9.11 5578.00 2605
30  2.51 12.42 5591.00 3354
