Upperb   5135 Pc:0.65 Pm:0.05 Maxgen:4000 Popsize:250
 1  2.18 11.77 5247.00  602
 2  2.32 11.29 5254.00  752
 3  2.36 13.63 5256.00 2837
 4  2.12 12.49 5244.00 1921
 5  2.26 10.46 5251.00 3438
 6  2.18  9.58 5247.00 1676
 7  2.22 10.19 5249.00 1649
 8  2.40 13.13 5258.00  439
 9  2.22 12.62 5249.00 1292
10  2.30 12.47 5253.00 1540
11  2.24 12.85 5250.00  850
12  2.45 11.79 5261.00 2977
13  2.47 12.05 5262.00 1543
14  2.03 12.53 5239.00 1917
15  2.16 11.77 5246.00 1722
16  2.01 12.22 5238.00  815
17  2.08  9.14 5242.00  332
18  2.55 12.96 5266.00 2885
19  2.36 11.01 5256.00 3586
20  1.62  9.70 5218.00 2416
21  2.18 12.19 5247.00 2915
22  2.18  9.69 5247.00 1138
23  2.06 14.38 5241.00 3245
24  2.12 11.61 5244.00 2341
25  2.36 12.61 5256.00 1026
26  2.12 13.67 5244.00 1155
27  2.30 11.07 5253.00  664
28  2.36 11.90 5256.00 2448
29  2.36 12.31 5256.00 1079
30  2.28 10.65 5252.00  803
