Upperb   5106 Pc:0.65 Pm:0.05 Maxgen:4000 Popsize:250
 1  2.70 13.37 5244.00 3296
 2  2.72 11.76 5245.00  730
 3  3.39 12.10 5279.00 1704
 4  3.19 13.51 5269.00  179
 5  3.43 15.16 5281.00  214
 6  3.25 12.14 5272.00 3756
 7  2.90 14.17 5254.00 2393
 8  3.37 13.55 5278.00  582
 9  2.21 13.72 5219.00 1988
10  3.21 13.20 5270.00 2092
11  3.37 14.02 5278.00 2162
12  2.90 13.86 5254.00  540
13  3.33 13.28 5276.00  141
14  3.23 14.25 5271.00 2443
15  3.33 13.27 5276.00 3696
16  3.23 11.17 5271.00 1298
17  3.19 13.86 5269.00 3312
18  3.31 13.23 5275.00   95
19  3.33 12.62 5276.00 1091
20  3.51 13.88 5285.00 3371
21  2.90 10.61 5254.00 1030
22  2.84 13.91 5251.00 3308
23  2.82 12.33 5250.00 3923
24  3.39 12.51 5279.00  765
25  3.43 13.02 5281.00 1957
26  3.64 13.71 5292.00  911
27  2.86 13.08 5252.00 1343
28  2.51 11.87 5234.00  287
29  2.98 12.72 5258.00 3552
30  3.56 11.89 5288.00 2941
