Upperb   5493 Pc:0.65 Pm:0.05 Maxgen:4000 Popsize:250
 1  1.82 12.42 5593.00 3473
 2  1.67  9.47 5585.00 1909
 3  1.64 11.67 5583.00 1154
 4  2.22 10.86 5615.00 3952
 5  1.95 11.20 5600.00 3871
 6  1.97  9.56 5601.00 2362
 7  1.80 11.36 5592.00 2422
 8  1.53 11.80 5577.00 2019
 9  1.47 10.03 5574.00  842
10  1.88 11.48 5596.00 3899
11  2.35 11.40 5622.00  776
12  1.80 11.10 5592.00 3473
13  1.82 11.69 5593.00 2584
14  1.69 11.28 5586.00  660
15  1.95 10.05 5600.00  345
16  2.09  8.95 5608.00 1098
17  1.98  9.37 5602.00 2897
18  1.78  8.48 5591.00 3497
19  2.08 10.34 5607.00 1038
20  1.93 10.98 5599.00  744
21  2.08 10.85 5607.00  240
22  2.11 10.82 5609.00 1210
23  2.02  8.97 5604.00 1597
24  1.78 11.89 5591.00 3216
25  2.08 11.39 5607.00 3228
26  1.71 12.40 5587.00  705
27  1.02 11.27 5549.00 1559
28  1.98 11.61 5602.00 3953
29  2.08 10.39 5607.00 1899
30  1.88  8.71 5596.00 1180
