Upperb   5246 Pc:0.65 Pm:0.05 Maxgen:4000 Popsize:250
 1  2.69 11.45 5387.00  918
 2  2.92 10.95 5399.00 3524
 3  2.99 12.26 5403.00 2764
 4  2.94 11.93 5400.00 3240
 5  2.42 12.11 5373.00 1554
 6  2.21 12.68 5362.00  370
 7  3.13 11.90 5410.00  381
 8  2.73 12.42 5389.00 1754
 9  2.59 12.54 5382.00 1179
10  2.90 12.74 5398.00 2332
11  2.82 12.04 5394.00  631
12  2.99 11.55 5403.00 1633
13  2.95 11.42 5401.00 1000
14  2.50 11.63 5377.00 1465
15  2.84 12.40 5395.00 2311
16  2.76 11.61 5391.00 2376
17  2.82 12.64 5394.00 3797
18  2.10 11.85 5356.00  675
19  2.74 10.76 5390.00  660
20  2.63 13.78 5384.00 1607
21  2.52 11.30 5378.00 2509
22  2.82 12.13 5394.00 2255
23  2.97 11.70 5402.00 2649
24  2.74 12.52 5390.00 1432
25  2.08  9.90 5355.00 2952
26  2.33 11.47 5368.00 2948
27  2.95 12.29 5401.00 2942
28  2.78 13.46 5392.00 3477
29  2.90 12.14 5398.00 3262
30  2.38 13.39 5371.00 1615
