Upperb   5014 Pc:0.65 Pm:0.05 Maxgen:4000 Popsize:250
 1  2.23 12.21 5126.00 1679
 2  2.75 14.00 5152.00 2975
 3  2.43 11.70 5136.00 3594
 4  2.39 11.37 5134.00 2240
 5  2.95 10.36 5162.00  849
 6  2.71 12.54 5150.00 1622
 7  2.71 11.99 5150.00  527
 8  2.49 12.82 5139.00   26
 9  2.91 12.82 5160.00 3048
10  2.89 12.56 5159.00 2333
11  2.81 14.13 5155.00 2299
12  2.43 13.34 5136.00 1108
13  2.17 12.47 5123.00  318
14  2.61 10.35 5145.00  199
15  3.03 12.33 5166.00  923
16  2.77 13.53 5153.00 1205
17  2.77  9.58 5153.00  346
18  2.79 12.21 5154.00 2869
19  2.15 12.46 5122.00 3841
20  3.25 13.76 5177.00 3257
21  2.59  9.04 5144.00  590
22  1.72 11.06 5100.00 2416
23  2.77 11.13 5153.00  436
24  2.25 10.73 5127.00 3672
25  2.65 12.85 5147.00 2291
26  2.31 11.81 5130.00 1579
27  2.29 11.75 5129.00 2335
28  3.09 12.80 5169.00 2586
29  2.43 12.22 5136.00  393
30  2.53 11.63 5141.00 1947
