Upperb   5328 Pc:0.65 Pm:0.05 Maxgen:500 Popsize:250
 1  4.43 11.90 5564.00  462
 2  3.89 11.93 5535.00  148
 3  4.24 12.77 5554.00  484
 4  3.98 13.52 5540.00  343
 5  4.22 13.05 5553.00   14
 6  3.40 12.38 5509.00  265
 7  4.34 13.79 5559.00  213
 8  4.37 13.87 5561.00   20
 9  3.96 11.46 5539.00  476
10  3.77 12.02 5529.00  225
11  3.28 13.38 5503.00  134
12  3.57 13.79 5518.00  474
13  4.30 13.32 5557.00  499
14  3.23 12.28 5500.00  319
15  4.22 11.83 5553.00  129
16  3.42 12.10 5510.00  192
17  4.37 12.79 5561.00  497
18  3.90 13.24 5536.00  481
19  3.89 10.90 5535.00  230
20  4.17 10.94 5550.00  115
21  3.96 12.44 5539.00  337
22  3.83 12.97 5532.00  193
23  4.09 14.03 5546.00   54
24  3.58 14.10 5519.00  179
25  3.83 13.44 5532.00   23
26  3.70 13.98 5525.00  220
27  3.38 13.67 5508.00  405
28  4.73 14.51 5580.00  260
29  4.00 14.76 5541.00  161
30  3.58 14.19 5519.00  406
