 0 67.68 117.14 2750.00  490
 1 67.44 111.26 2746.00  490
 2 60.61 103.14 2634.00  494
 3 71.40 115.75 2811.00  459
 4 69.09 111.22 2773.00  453
 5 63.78 111.73 2686.00  497
 6 59.51 100.28 2616.00  448
 7 61.59 104.31 2650.00  337
 8 62.56 102.39 2666.00  453
 9 77.26 117.22 2907.00  491
10 60.79 104.17 2637.00  481
11 67.44 114.13 2746.00  439
12 65.43 111.24 2713.00  489
13 60.49 96.61 2632.00  433
14 66.46 108.18 2730.00  446
15 63.17 104.14 2676.00  494
16 66.59 113.50 2732.00  443
17 55.61 95.43 2552.00  493
18 55.98 96.33 2558.00  486
19 68.66 116.99 2766.00  462
20 50.37 97.79 2466.00  487
21 69.57 113.04 2781.00  382
22 66.65 102.14 2733.00  466
23 70.37 105.01 2794.00  160
24 70.12 107.87 2790.00  498
25 54.45 93.85 2533.00  489
26 58.48 105.66 2599.00  495
27 56.22 103.12 2562.00  452
28 66.10 104.68 2724.00  477
29 69.02 107.15 2772.00  494
