 0 78.06 118.43 2833.00  497
 1 66.18 108.36 2644.00  430
 2 69.20 112.56 2692.00  414
 3 69.08 106.85 2690.00  489
 4 60.78 103.11 2558.00  362
 5 73.04 111.42 2753.00  315
 6 58.64 99.39 2524.00  489
 7 63.98 101.75 2609.00  410
 8 59.46 99.22 2537.00  487
 9 65.18 102.92 2628.00  498
10 66.75 113.25 2653.00  488
11 71.34 112.08 2726.00  348
12 49.34 91.37 2376.00  393
13 68.13 108.15 2675.00  471
14 67.50 105.43 2665.00  486
15 71.40 118.61 2727.00  470
16 71.34 112.61 2726.00  478
17 64.05 102.58 2610.00  401
18 65.93 104.61 2640.00  489
19 57.64 96.02 2508.00  449
20 69.14 108.51 2691.00  465
21 72.85 112.10 2750.00  493
22 75.05 120.88 2785.00  373
23 62.98 108.01 2593.00  467
24 60.34 100.22 2551.00  467
25 67.76 110.13 2669.00  497
26 67.44 109.94 2664.00  500
27 69.58 105.19 2698.00  500
28 60.72 100.14 2557.00  493
29 58.33 101.64 2519.00  475
