 0 74.76 119.94 2527.00  470
 1 67.50 116.14 2422.00  450
 2 69.36 113.24 2449.00  480
 3 67.91 114.32 2428.00  496
 4 63.69 110.93 2367.00  478
 5 78.08 120.27 2575.00  493
 6 71.09 110.46 2474.00  482
 7 81.19 120.62 2620.00  189
 8 80.50 123.40 2610.00  230
 9 70.47 109.87 2465.00  487
10 68.81 117.85 2441.00  357
11 70.95 116.20 2472.00  486
12 64.80 109.64 2383.00  321
13 77.87 122.13 2572.00  491
14 81.81 123.74 2629.00  487
15 80.36 122.94 2608.00  438
16 72.27 121.26 2491.00  491
17 68.60 117.87 2438.00  435
18 65.77 111.53 2397.00  419
19 73.72 113.96 2512.00  391
20 76.07 121.16 2546.00  482
21 86.45 129.32 2696.00  489
22 89.28 128.83 2737.00  499
23 76.56 119.34 2553.00  480
24 76.07 119.26 2546.00  493
25 75.73 116.34 2541.00  437
26 73.72 113.86 2512.00  443
27 76.97 115.80 2559.00  480
28 69.85 112.18 2456.00  486
29 68.88 114.43 2442.00  489
